  Run_nr	    Time	   Alpha	    Beta	Delta_Pb	   P_bar	       T	      B1	      B2	      B3	      B4	      B5	      B6	     rpm	     Rho	       Q	       V	      Re	 nrotor1	 nrotor2	      I1	      I2	    dptq	  Extra1	  Extra2	  Extra3	  Extra4	  Extra5	  Extra6	  Extra7	  Extra8	  Extra9	 Extra10
       /	   H:M:S	 degrees	 degrees	      Pa	     hPa	 degr._C	   steps	   steps	   steps	   steps	   steps	   steps	   1/min	  kg/m^3	      Pa	     m/s	       /	     1/s	     1/s	       A	       A	      Pa	       /	       /	       /	       /	       /	       /	       /	       /	       /	       /
       1	 12:50:21	   1.995	   6.005	    0.00	    0.00	    0.00	  1027.7	 -3425.6	  -233.0	  1667.8	   505.9	  1834.8	   0.000	   0.000	     0.0	     0.0	       0	   93.74	   80.79	    3.97	    0.00	    0.00	  13.377	  13.720	  38.239	  40.019	   0.000	   0.000	   0.000	   0.000	   0.000	   0.000
       2	 12:51:45	   1.995	  10.000	    0.00	    0.00	    0.00	   399.2	  -872.3	  -118.7	   477.9	   174.8	   434.8	   0.000	   0.000	     0.0	     0.0	       0	   46.88	   39.23	    0.56	    0.00	    0.00	  13.318	  14.124	  37.493	  40.026	   0.000	   0.000	   0.000	   0.000	   0.000	   0.000
       3	 12:53:11	   1.995	 -10.000	    0.00	    0.00	    0.00	   690.4	  6327.5	  2634.1	  -910.2	   117.9	 -3388.5	   0.000	   0.000	     0.0	     0.0	       0	   93.74	   73.46	    3.84	    0.00	    0.00	  13.362	  14.648	  37.601	  40.020	   0.000	   0.000	   0.000	   0.000	   0.000	   0.000
       4	 12:54:20	   1.995	   2.000	    0.00	    0.00	    0.00	   352.3	  -230.3	    99.4	   219.8	   208.5	   128.4	   0.000	   0.000	     0.0	     0.0	       0	   46.88	   40.65	    0.48	    0.00	    0.00	  13.374	  14.891	  40.490	  40.027	   0.000	   0.000	   0.000	   0.000	   0.000	   0.000
       5	 12:56:17	   1.995	  10.005	    0.00	    0.00	    0.00	   717.2	 -5550.2	  -775.6	  2460.7	   156.4	  2853.5	   0.000	   0.000	     0.0	     0.0	       0	   93.74	   78.37	    4.00	    0.00	    0.00	  13.523	  15.566	  40.469	  40.019	   0.000	   0.000	   0.000	   0.000	   0.000	   0.000
       6	 12:57:12	   1.995	   0.000	    0.00	    0.00	    0.00	  1226.3	   263.6	   706.0	   632.1	   697.8	  -267.1	   0.000	   0.000	     0.0	     0.0	       0	   93.74	   80.51	    3.58	    0.00	    0.00	  13.615	  15.936	  40.011	  40.020	   0.000	   0.000	   0.000	   0.000	   0.000	   0.000
       7	 12:58:35	   1.995	 -10.000	    0.00	    0.00	    0.00	   437.2	   977.5	   494.2	  -137.9	   180.0	  -512.3	   0.000	   0.000	     0.0	     0.0	       0	   46.87	   37.00	    0.57	    0.00	    0.00	  13.531	  15.845	  35.395	  40.027	   0.000	   0.000	   0.000	   0.000	   0.000	   0.000
       8	 12:59:32	   1.995	  -6.000	    0.00	    0.00	    0.00	   424.6	   497.4	   329.9	     6.3	   211.5	  -280.2	   0.000	   0.000	     0.0	     0.0	       0	   46.86	   39.26	    0.54	    0.00	    0.00	  13.440	  15.577	  35.328	  40.026	   0.000	   0.000	   0.000	   0.000	   0.000	   0.000
       9	 13:00:27	   1.995	   6.005	    0.00	    0.00	    0.00	   304.4	  -873.5	   -65.0	   412.5	   164.3	   480.6	   0.000	   0.000	     0.0	     0.0	       0	   46.87	   40.46	    0.57	    0.00	    0.00	  13.374	  15.333	  35.460	  40.026	   0.000	   0.000	   0.000	   0.000	   0.000	   0.000
      10	 13:01:40	   1.995	   3.995	    0.00	    0.00	    0.00	  1165.9	 -2025.1	   127.0	  1260.2	   621.9	  1091.5	   0.000	   0.000	     0.0	     0.0	       0	   93.74	   80.86	    4.26	    0.00	    0.00	  13.469	  15.434	  34.353	  40.018	   0.000	   0.000	   0.000	   0.000	   0.000	   0.000
      11	 13:02:41	   1.995	  -6.000	    0.00	    0.00	    0.00	  1054.2	  4048.0	  1837.3	  -333.3	   463.4	 -2273.2	   0.000	   0.000	     0.0	     0.0	       0	   93.74	   77.66	    4.09	    0.00	    0.00	  13.613	  15.765	  34.265	  40.018	   0.000	   0.000	   0.000	   0.000	   0.000	   0.000
      12	 13:03:38	   1.995	   2.000	    0.00	    0.00	    0.00	  1214.6	  -759.7	   468.7	   880.2	   680.1	   424.6	   0.000	   0.000	     0.0	     0.0	       0	   93.75	   80.75	    4.21	    0.00	    0.00	  13.740	  16.020	  34.327	  40.018	   0.000	   0.000	   0.000	   0.000	   0.000	   0.000
      13	 13:04:38	   1.995	 -10.000	    0.00	    0.00	    0.00	   690.7	  6321.2	  2630.0	  -911.4	   119.6	 -3384.4	   0.000	   0.000	     0.0	     0.0	       0	   93.74	   73.48	    4.19	    0.00	    0.00	  13.815	  16.235	  34.320	  40.018	   0.000	   0.000	   0.000	   0.000	   0.000	   0.000
      14	 13:05:22	   1.995	  -3.995	    0.00	    0.00	    0.00	  1159.4	  2635.5	  1411.0	     8.3	   586.3	 -1530.0	   0.000	   0.000	     0.0	     0.0	       0	   93.74	   79.17	    4.11	    0.00	    0.00	  13.868	  16.353	  34.246	  40.018	   0.000	   0.000	   0.000	   0.000	   0.000	   0.000
      15	 13:06:35	   1.995	  -3.995	    0.00	    0.00	    0.00	   330.3	   669.1	   337.1	   -10.5	   190.7	  -394.2	   0.000	   0.000	     0.0	     0.0	       0	   46.88	   39.72	    0.51	    0.00	    0.00	  13.824	  16.253	  36.774	  40.026	   0.000	   0.000	   0.000	   0.000	   0.000	   0.000
      16	 13:07:12	   1.995	  -1.995	    0.00	    0.00	    0.00	   353.7	   327.1	   242.0	    77.0	   210.0	  -207.0	   0.000	   0.000	     0.0	     0.0	       0	   46.88	   40.14	    0.52	    0.00	    0.00	  13.747	  16.076	  36.737	  40.026	   0.000	   0.000	   0.000	   0.000	   0.000	   0.000
      17	 13:07:47	   1.995	  -0.005	    0.00	    0.00	    0.00	   357.5	    29.9	   159.5	   153.2	   216.7	   -43.3	   0.000	   0.000	     0.0	     0.0	       0	   46.86	   40.55	    0.52	    0.00	    0.00	  13.686	  15.897	  36.747	  40.027	   0.000	   0.000	   0.000	   0.000	   0.000	   0.000
      18	 13:08:49	   1.995	  -1.995	    0.00	    0.00	    0.00	  1242.5	  1417.8	  1029.7	   320.0	   695.0	  -901.1	   0.000	   0.000	     0.0	     0.0	       0	   93.73	   80.14	    4.10	    0.00	    0.00	  13.711	  15.815	  34.126	  40.018	   0.000	   0.000	   0.000	   0.000	   0.000	   0.000
      19	 13:09:54	   1.995	   4.000	    0.00	    0.00	    0.00	   332.4	  -540.3	    18.6	   301.2	   195.3	   303.4	   0.000	   0.000	     0.0	     0.0	       0	   46.88	   40.66	    0.61	    0.00	    0.00	  13.704	  15.817	  31.063	  40.026	   0.000	   0.000	   0.000	   0.000	   0.000	   0.000
      20	 13:10:54	   1.995	  -2.000	    0.00	    0.00	    0.00	   285.9	   312.3	   258.1	    92.2	   144.1	  -188.1	   0.000	   0.000	     0.0	     0.0	       0	   46.86	   47.89	    0.59	    0.48	    0.00	  13.579	  15.589	  30.976	  38.107	   0.000	   0.000	   0.000	   0.000	   0.000	   0.000
      21	 13:11:18	   1.995	  -2.000	    0.00	    0.00	    0.00	   293.2	   314.1	   255.3	    90.4	   151.2	  -191.0	   0.000	   0.000	     0.0	     0.0	       0	   46.87	   46.87	    0.59	    0.52	    0.00	  13.594	  15.496	  30.953	  35.300	   0.000	   0.000	   0.000	   0.000	   0.000	   0.000
      22	 13:11:53	   1.995	  -2.000	    0.00	    0.00	    0.00	   291.8	   313.3	   255.0	    90.2	   150.6	  -190.6	   0.000	   0.000	     0.0	     0.0	       0	   46.86	   46.87	    0.62	    0.51	    0.00	  13.614	  15.367	  31.000	  35.379	   0.000	   0.000	   0.000	   0.000	   0.000	   0.000
      23	 13:13:11	   1.995	   6.005	    0.00	    0.00	    0.00	   723.5	 -3536.7	  -167.3	  1741.6	   216.9	  1946.9	   0.000	   0.000	     0.0	     0.0	       0	   93.75	   93.74	    5.26	    4.19	    0.00	  14.028	  15.481	  28.920	  32.556	   0.000	   0.000	   0.000	   0.000	   0.000	   0.000
      24	 13:14:30	   1.995	   9.995	    0.00	    0.00	    0.00	   330.6	  -905.4	  -108.0	   495.7	   109.4	   462.6	   0.000	   0.000	     0.0	     0.0	       0	   46.87	   46.88	    0.64	    0.44	    0.00	  14.406	  15.598	  33.738	  40.911	   0.000	   0.000	   0.000	   0.000	   0.000	   0.000
      25	 13:15:37	   1.995	  -5.995	    0.00	    0.00	    0.00	   728.2	  3908.5	  1893.4	  -256.2	   175.7	 -2136.0	   0.000	   0.000	     0.0	     0.0	       0	   93.72	   93.71	    4.44	    4.04	    0.00	  14.572	  15.620	  31.802	  36.239	   0.000	   0.000	   0.000	   0.000	   0.000	   0.000
      26	 13:16:23	   1.995	  -2.005	    0.00	    0.00	    0.00	   918.3	  1308.6	  1088.6	   385.0	   416.3	  -781.3	   0.000	   0.000	     0.0	     0.0	       0	   93.74	   93.75	    4.47	    3.93	    0.00	  14.866	  15.841	  31.855	  36.021	   0.000	   0.000	   0.000	   0.000	   0.000	   0.000
      27	 13:17:32	   1.995	   6.005	    0.00	    0.00	    0.00	   239.0	  -892.0	   -50.1	   425.2	   102.5	   501.5	   0.000	   0.000	     0.0	     0.0	       0	   46.88	   46.87	    0.55	    0.51	    0.00	  15.061	  15.848	  35.996	  33.743	   0.000	   0.000	   0.000	   0.000	   0.000	   0.000
      28	 13:18:37	   1.995	   4.000	    0.00	    0.00	    0.00	   854.8	 -2140.8	   188.6	  1337.0	   329.2	  1203.4	   0.000	   0.000	     0.0	     0.0	       0	   93.74	   93.75	    5.26	    5.11	    0.00	  15.007	  15.703	  27.468	  26.201	   0.000	   0.000	   0.000	   0.000	   0.000	   0.000
      29	 13:19:48	   1.995	 -10.005	    0.00	    0.00	    0.00	   361.9	   962.6	   513.5	  -125.4	   112.0	  -489.7	   0.000	   0.000	     0.0	     0.0	       0	   46.86	   46.86	    0.53	    0.55	    0.00	  14.997	  15.616	  36.447	  35.299	   0.000	   0.000	   0.000	   0.000	   0.000	   0.000
      30	 13:20:58	   1.995	  10.000	    0.00	    0.00	    0.00	   400.5	 -5663.0	  -711.0	  2539.4	  -142.8	  2964.0	   0.000	   0.000	     0.0	     0.0	       0	   93.73	   93.74	    4.45	    4.10	    0.00	  15.063	  15.693	  36.464	  33.361	   0.000	   0.000	   0.000	   0.000	   0.000	   0.000
      31	 13:22:04	   1.995	  -4.000	    0.00	    0.00	    0.00	   843.4	  2509.6	  1463.7	    81.6	   303.6	 -1408.1	   0.000	   0.000	     0.0	     0.0	       0	   93.74	   93.73	    3.95	    4.28	    0.00	  15.330	  16.076	  36.044	  33.563	   0.000	   0.000	   0.000	   0.000	   0.000	   0.000
      32	 13:23:23	   1.995	  -6.005	    0.00	    0.00	    0.00	   362.1	   482.7	   342.0	    19.2	   150.5	  -261.3	   0.000	   0.000	     0.0	     0.0	       0	   46.87	   46.87	    0.50	    0.45	    0.00	  15.479	  16.076	  37.597	  40.406	   0.000	   0.000	   0.000	   0.000	   0.000	   0.000
      33	 13:24:35	   1.995	   1.995	    0.00	    0.00	    0.00	   909.5	  -884.0	   516.4	   960.0	   399.9	   525.3	   0.000	   0.000	     0.0	     0.0	       0	   93.73	   93.73	    4.02	    3.51	    0.00	  15.564	  16.178	  36.117	  39.218	   0.000	   0.000	   0.000	   0.000	   0.000	   0.000
      34	 13:25:10	   1.995	   0.000	    0.00	    0.00	    0.00	   910.0	   132.3	   756.3	   706.3	   418.9	  -143.2	   0.000	   0.000	     0.0	     0.0	       0	   93.74	   93.73	    3.97	    3.56	    0.00	  15.689	  16.308	  36.070	  39.205	   0.000	   0.000	   0.000	   0.000	   0.000	   0.000
      35	 13:25:55	   1.995	   0.000	    0.00	    0.00	    0.00	    52.3	   141.7	   924.2	   869.4	  -317.8	  -148.2	   0.000	   0.000	     0.0	     0.0	       0	  109.36	  109.36	    9.76	    9.20	    0.00	  15.980	  16.721	  38.742	  40.596	   0.000	   0.000	   0.000	   0.000	   0.000	   0.000
      36	 13:26:43	   1.995	   0.000	    0.00	    0.00	    0.00	  -784.9	   119.8	  1066.7	  1029.2	 -1015.9	  -146.2	   0.000	   0.000	     0.0	     0.0	       0	  123.02	  123.41	   15.49	   16.27	    0.00	  16.946	  18.237	  41.213	  39.503	   0.000	   0.000	   0.000	   0.000	   0.000	   0.000
      37	 13:27:52	   1.995	   1.995	    0.00	    0.00	    0.00	   290.2	  -249.0	   111.5	   230.7	   150.8	   149.0	   0.000	   0.000	     0.0	     0.0	       0	   46.86	   46.87	    0.49	    0.47	    0.00	  18.356	  19.695	  39.049	  38.883	   0.000	   0.000	   0.000	   0.000	   0.000	   0.000
      38	 13:29:04	   1.995	 -10.000	    0.00	    0.00	    0.00	   330.3	  6202.1	  2705.6	  -837.5	  -203.9	 -3248.8	   0.000	   0.000	     0.0	     0.0	       0	   93.73	   93.72	    4.13	    4.43	    0.00	  17.864	  18.831	  35.019	  35.351	   0.000	   0.000	   0.000	   0.000	   0.000	   0.000
      39	 13:30:13	   1.995	  -4.005	    0.00	    0.00	    0.00	   260.9	   640.6	   348.1	     5.1	   129.0	  -365.6	   0.000	   0.000	     0.0	     0.0	       0	   46.87	   46.87	    0.51	    0.46	    0.00	  17.481	  18.072	  37.808	  39.023	   0.000	   0.000	   0.000	   0.000	   0.000	   0.000
      40	 13:31:08	   1.995	   3.995	    0.00	    0.00	    0.00	   268.2	  -562.0	    31.2	   316.4	   135.7	   325.2	   0.000	   0.000	     0.0	     0.0	       0	   46.87	   46.87	    0.52	    0.43	    0.00	  17.066	  17.492	  37.914	  38.873	   0.000	   0.000	   0.000	   0.000	   0.000	   0.000
