  Run_nr	    Time	   Alpha	    Beta	Delta_Pb	   P_bar	       T	      B1	      B2	      B3	      B4	      B5	      B6	     rpm	     Rho	       Q	       V	      Re	 nrotor1	 nrotor2	      I1	      I2	    dptq	  Extra1	  Extra2	  Extra3	  Extra4	  Extra5	  Extra6	  Extra7	  Extra8	  Extra9	 Extra10
       /	   H:M:S	 degrees	 degrees	      Pa	     hPa	 degr._C	   steps	   steps	   steps	   steps	   steps	   steps	   1/min	  kg/m^3	      Pa	     m/s	       /	     1/s	     1/s	       A	       A	      Pa	       /	       /	       /	       /	       /	       /	       /	       /	       /	       /
      78	 14:17:25	   1.995	   6.000	    0.00	    0.00	    0.00	  1029.1	 -3975.4	  -382.6	  1812.4	   506.5	  2211.7	   0.000	   0.000	     0.0	     0.0	       0	   93.74	   80.97	    5.26	    0.00	    0.00	  14.432	  14.883	  27.661	  40.016	   0.000	   0.000	   0.000	   0.000	   0.000	   0.000
      79	 14:18:18	   1.995	  -6.000	    0.00	    0.00	    0.00	  1076.8	  3493.8	  1681.0	  -192.2	   486.1	 -1894.8	   0.000	   0.000	     0.0	     0.0	       0	   93.74	   77.79	    4.92	    0.00	    0.00	  14.394	  15.118	  27.518	  40.017	   0.000	   0.000	   0.000	   0.000	   0.000	   0.000
      80	 14:18:55	   1.995	  -1.995	    0.00	    0.00	    0.00	  1252.2	   938.5	   890.1	   436.5	   719.3	  -569.8	   0.000	   0.000	     0.0	     0.0	       0	   93.74	   80.18	    4.94	    0.00	    0.00	  14.411	  15.260	  27.517	  40.016	   0.000	   0.000	   0.000	   0.000	   0.000	   0.000
      81	 14:19:32	   1.995	   4.000	    0.00	    0.00	    0.00	  1163.0	 -2573.5	   -25.9	  1402.0	   626.0	  1464.8	   0.000	   0.000	     0.0	     0.0	       0	   93.74	   80.95	    5.17	    0.00	    0.00	  14.468	  15.386	  27.624	  40.016	   0.000	   0.000	   0.000	   0.000	   0.000	   0.000
      82	 14:20:00	   1.995	   2.000	    0.00	    0.00	    0.00	  1228.2	 -1261.7	   323.1	  1009.4	   697.0	   764.7	   0.000	   0.000	     0.0	     0.0	       0	   93.74	   80.88	    5.05	    0.00	    0.00	  14.483	  15.472	  27.565	  40.016	   0.000	   0.000	   0.000	   0.000	   0.000	   0.000
      83	 14:20:49	   1.995	  10.000	    0.00	    0.00	    0.00	   714.5	 -6078.0	  -918.2	  2603.7	   144.6	  3217.9	   0.000	   0.000	     0.0	     0.0	       0	   93.74	   78.45	    5.62	    0.00	    0.00	  14.519	  15.637	  27.805	  40.014	   0.000	   0.000	   0.000	   0.000	   0.000	   0.000
      84	 14:21:38	   1.995	   0.000	    0.00	    0.00	    0.00	  1233.6	  -252.8	   554.4	   761.3	   717.0	    82.5	   0.000	   0.000	     0.0	     0.0	       0	   93.74	   80.59	    5.00	    0.00	    0.00	  14.513	  15.773	  27.536	  40.016	   0.000	   0.000	   0.000	   0.000	   0.000	   0.000
      85	 14:22:24	   1.995	  -9.995	    0.00	    0.00	    0.00	   713.8	  5765.1	  2464.8	  -774.4	   154.9	 -3005.7	   0.000	   0.000	     0.0	     0.0	       0	   93.74	   73.62	    5.04	    0.00	    0.00	  14.501	  15.847	  27.554	  40.016	   0.000	   0.000	   0.000	   0.000	   0.000	   0.000
      86	 14:23:07	   1.995	  -4.000	    0.00	    0.00	    0.00	  1178.8	  2109.1	  1261.0	   143.0	   605.6	 -1171.6	   0.000	   0.000	     0.0	     0.0	       0	   93.74	   79.30	    4.93	    0.00	    0.00	  14.503	  15.900	  27.495	  40.016	   0.000	   0.000	   0.000	   0.000	   0.000	   0.000
      87	 14:24:13	   1.995	   4.005	    0.00	    0.00	    0.00	   335.8	  -679.1	   -21.0	   338.2	   195.8	   396.7	   0.000	   0.000	     0.0	     0.0	       0	   46.88	   40.71	    0.56	    0.00	    0.00	  14.411	  15.756	  35.477	  40.026	   0.000	   0.000	   0.000	   0.000	   0.000	   0.000
      88	 14:24:48	   1.995	   2.000	    0.00	    0.00	    0.00	   358.6	  -349.1	    62.9	   249.9	   211.2	   208.9	   0.000	   0.000	     0.0	     0.0	       0	   46.88	   40.68	    0.55	    0.00	    0.00	  14.294	  15.620	  35.434	  40.026	   0.000	   0.000	   0.000	   0.000	   0.000	   0.000
      89	 14:25:18	   1.995	   6.000	    0.00	    0.00	    0.00	   308.4	  -996.0	  -100.7	   445.9	   163.5	   563.9	   0.000	   0.000	     0.0	     0.0	       0	   46.87	   40.53	    0.56	    0.00	    0.00	  14.225	  15.513	  35.510	  40.026	   0.000	   0.000	   0.000	   0.000	   0.000	   0.000
      90	 14:25:57	   1.995	   0.000	    0.00	    0.00	    0.00	   367.8	   -73.5	   128.2	   178.2	   220.6	    33.4	   0.000	   0.000	     0.0	     0.0	       0	   46.87	   40.58	    0.54	    0.00	    0.00	  14.141	  15.385	  35.396	  40.027	   0.000	   0.000	   0.000	   0.000	   0.000	   0.000
      91	 14:26:38	   1.995	  10.000	    0.00	    0.00	    0.00	   402.9	  -998.7	  -155.4	   512.6	   173.0	   519.8	   0.000	   0.000	     0.0	     0.0	       0	   46.87	   39.32	    0.58	    0.00	    0.00	  14.049	  15.249	  35.637	  40.026	   0.000	   0.000	   0.000	   0.000	   0.000	   0.000
      92	 14:27:38	   1.995	  -5.995	    0.00	    0.00	    0.00	   443.5	   337.4	   280.8	    48.4	   219.6	  -172.2	   0.000	   0.000	     0.0	     0.0	       0	   46.87	   39.35	    0.54	    0.00	    0.00	  13.868	  15.082	  35.398	  40.026	   0.000	   0.000	   0.000	   0.000	   0.000	   0.000
      93	 14:28:22	   1.995	  -4.000	    0.00	    0.00	    0.00	   342.4	   523.9	   294.4	    29.5	   196.9	  -294.7	   0.000	   0.000	     0.0	     0.0	       0	   46.87	   39.81	    0.50	    0.00	    0.00	  13.774	  14.979	  35.366	  40.027	   0.000	   0.000	   0.000	   0.000	   0.000	   0.000
      94	 14:28:58	   1.995	  -2.000	    0.00	    0.00	    0.00	   362.3	   211.5	   207.0	   106.6	   215.8	  -129.4	   0.000	   0.000	     0.0	     0.0	       0	   46.87	   40.18	    0.53	    0.00	    0.00	  13.706	  14.912	  35.373	  40.026	   0.000	   0.000	   0.000	   0.000	   0.000	   0.000
      95	 14:29:43	   1.995	  -9.995	    0.00	    0.00	    0.00	   446.1	   819.3	   449.1	   -97.3	   185.8	  -405.0	   0.000	   0.000	     0.0	     0.0	       0	   46.87	   37.11	    0.54	    0.00	    0.00	  13.648	  14.845	  35.441	  40.027	   0.000	   0.000	   0.000	   0.000	   0.000	   0.000
      96	 14:30:52	   1.995	   9.995	    0.00	    0.00	    0.00	   334.5	 -1031.2	  -142.1	   532.3	   108.9	   546.7	   0.000	   0.000	     0.0	     0.0	       0	   46.88	   46.87	    0.59	    0.49	    0.00	  13.619	  14.750	  35.630	  37.593	   0.000	   0.000	   0.000	   0.000	   0.000	   0.000
      97	 14:31:30	   1.995	   4.005	    0.00	    0.00	    0.00	   306.8	  -517.9	    30.9	   311.3	   153.7	   311.5	   0.000	   0.000	     0.0	     0.0	       0	   46.87	   46.87	    0.56	    0.46	    0.00	  13.657	  14.711	  35.507	  37.531	   0.000	   0.000	   0.000	   0.000	   0.000	   0.000
      98	 14:32:14	   1.995	  -6.000	    0.00	    0.00	    0.00	   373.2	   311.2	   294.6	    64.0	   158.2	  -146.1	   0.000	   0.000	     0.0	     0.0	       0	   46.88	   46.87	    0.54	    0.50	    0.00	  13.738	  14.681	  35.368	  37.630	   0.000	   0.000	   0.000	   0.000	   0.000	   0.000
      99	 14:32:50	   1.995	   2.000	    0.00	    0.00	    0.00	   292.4	  -378.6	    76.3	   267.4	   152.8	   236.1	   0.000	   0.000	     0.0	     0.0	       0	   46.87	   46.87	    0.56	    0.46	    0.00	  13.805	  14.655	  35.446	  37.526	   0.000	   0.000	   0.000	   0.000	   0.000	   0.000
     100	 14:33:29	   1.995	   6.005	    0.00	    0.00	    0.00	   242.1	 -1017.8	   -84.2	   461.5	   101.2	   584.9	   0.000	   0.000	     0.0	     0.0	       0	   46.87	   46.87	    0.56	    0.47	    0.00	  13.877	  14.631	  35.495	  37.527	   0.000	   0.000	   0.000	   0.000	   0.000	   0.000
     101	 14:34:13	   1.995	  -4.000	    0.00	    0.00	    0.00	   279.2	   507.2	   307.9	    43.2	   137.8	  -275.7	   0.000	   0.000	     0.0	     0.0	       0	   46.86	   46.87	    0.53	    0.48	    0.00	  13.923	  14.605	  35.321	  37.652	   0.000	   0.000	   0.000	   0.000	   0.000	   0.000
     102	 14:34:45	   1.995	 -10.005	    0.00	    0.00	    0.00	   370.2	   798.6	   467.4	   -82.8	   117.2	  -379.1	   0.000	   0.000	     0.0	     0.0	       0	   46.87	   46.86	    0.54	    0.50	    0.00	  13.976	  14.587	  35.434	  37.837	   0.000	   0.000	   0.000	   0.000	   0.000	   0.000
     103	 14:35:23	   1.995	  -2.000	    0.00	    0.00	    0.00	   293.8	   185.5	   220.3	   122.9	   156.1	  -104.3	   0.000	   0.000	     0.0	     0.0	       0	   46.87	   46.87	    0.54	    0.47	    0.00	  13.997	  14.563	  35.374	  37.678	   0.000	   0.000	   0.000	   0.000	   0.000	   0.000
     104	 14:35:44	   1.995	   0.000	    0.00	    0.00	    0.00	   296.6	  -109.2	   139.6	   197.1	   161.9	    62.3	   0.000	   0.000	     0.0	     0.0	       0	   46.87	   46.87	    0.55	    0.47	    0.00	  14.005	  14.549	  35.406	  37.667	   0.000	   0.000	   0.000	   0.000	   0.000	   0.000
     105	 14:36:58	   1.995	  -6.000	    0.00	    0.00	    0.00	   746.0	  3352.0	  1738.5	  -113.0	   194.8	 -1757.8	   0.000	   0.000	     0.0	     0.0	       0	   93.73	   93.73	    4.50	    4.34	    0.00	  14.295	  14.848	  31.408	  33.306	   0.000	   0.000	   0.000	   0.000	   0.000	   0.000
     106	 14:37:45	   1.995	   6.000	    0.00	    0.00	    0.00	   722.4	 -4079.1	  -314.6	  1887.8	   212.0	  2316.3	   0.000	   0.000	     0.0	     0.0	       0	   93.74	   93.74	    4.82	    4.04	    0.00	  14.698	  15.251	  31.589	  32.977	   0.000	   0.000	   0.000	   0.000	   0.000	   0.000
     107	 14:38:26	   1.995	  10.000	    0.00	    0.00	    0.00	   401.8	 -6190.6	  -852.4	  2683.7	  -154.3	  3325.7	   0.000	   0.000	     0.0	     0.0	       0	   93.73	   93.74	    5.10	    4.11	    0.00	  15.015	  15.600	  31.722	  32.985	   0.000	   0.000	   0.000	   0.000	   0.000	   0.000
     108	 14:39:06	   1.995	   4.000	    0.00	    0.00	    0.00	   857.8	 -2659.1	    47.4	  1471.0	   332.6	  1561.4	   0.000	   0.000	     0.0	     0.0	       0	   93.73	   93.74	    4.73	    4.09	    0.00	  15.273	  15.891	  31.521	  32.970	   0.000	   0.000	   0.000	   0.000	   0.000	   0.000
     109	 14:39:44	   1.995	  -4.000	    0.00	    0.00	    0.00	   860.4	  1995.2	  1318.1	   213.6	   320.3	 -1056.6	   0.000	   0.000	     0.0	     0.0	       0	   93.74	   93.74	    4.54	    4.31	    0.00	  15.447	  16.110	  31.423	  33.110	   0.000	   0.000	   0.000	   0.000	   0.000	   0.000
     110	 14:40:19	   1.995	  -9.995	    0.00	    0.00	    0.00	   351.7	  5643.8	  2542.6	  -697.4	  -174.4	 -2870.0	   0.000	   0.000	     0.0	     0.0	       0	   93.73	   93.74	    4.63	    4.67	    0.00	  15.617	  16.269	  31.453	  33.350	   0.000	   0.000	   0.000	   0.000	   0.000	   0.000
     111	 14:41:00	   1.995	  -2.000	    0.00	    0.00	    0.00	   937.9	   803.3	   938.8	   513.8	   441.9	  -447.5	   0.000	   0.000	     0.0	     0.0	       0	   93.75	   93.73	    4.53	    4.22	    0.00	  15.853	  16.431	  31.387	  33.054	   0.000	   0.000	   0.000	   0.000	   0.000	   0.000
     112	 14:41:28	   1.995	   2.000	    0.00	    0.00	    0.00	   912.8	 -1430.1	   359.8	  1101.6	   413.9	   885.4	   0.000	   0.000	     0.0	     0.0	       0	   93.73	   93.73	    4.62	    4.11	    0.00	  15.978	  16.512	  31.420	  33.005	   0.000	   0.000	   0.000	   0.000	   0.000	   0.000
     113	 14:42:07	   1.995	   0.005	    0.00	    0.00	    0.00	   918.7	  -376.6	   609.7	   833.8	   437.0	   203.7	   0.000	   0.000	     0.0	     0.0	       0	   93.74	   93.75	    4.56	    4.17	    0.00	  16.099	  16.624	  31.381	  33.070	   0.000	   0.000	   0.000	   0.000	   0.000	   0.000
