  Run_nr	    Time	   Alpha	    Beta	Delta_Pb	   P_bar	       T	      B1	      B2	      B3	      B4	      B5	      B6	     rpm	     Rho	       Q	       V	      Re	 nrotor1	 nrotor2	      I1	      I2	    dptq	  Extra1	  Extra2	  Extra3	  Extra4	  Extra5	  Extra6	  Extra7	  Extra8	  Extra9	 Extra10
       /	   H:M:S	 degrees	 degrees	      Pa	     hPa	 degr._C	   steps	   steps	   steps	   steps	   steps	   steps	   1/min	  kg/m^3	      Pa	     m/s	       /	     1/s	     1/s	       A	       A	      Pa	       /	       /	       /	       /	       /	       /	       /	       /	       /	       /
      41	 13:40:12	   1.995	  -4.000	    0.00	    0.00	    0.00	  1217.4	  1578.7	  1107.2	   278.5	   656.1	  -805.1	   0.000	   0.000	     0.0	     0.0	       0	   93.75	   79.41	    3.81	    0.00	    0.00	  15.197	  15.866	  37.199	  40.019	   0.000	   0.000	   0.000	   0.000	   0.000	   0.000
      42	 13:40:57	   1.995	   4.000	    0.00	    0.00	    0.00	  1177.2	 -3116.3	  -177.5	  1543.7	   650.3	  1839.2	   0.000	   0.000	     0.0	     0.0	       0	   93.74	   80.99	    3.98	    0.00	    0.00	  14.977	  16.021	  37.302	  40.019	   0.000	   0.000	   0.000	   0.000	   0.000	   0.000
      43	 13:41:44	   1.995	   6.005	    0.00	    0.00	    0.00	  1036.4	 -4505.8	  -531.5	  1950.8	   523.8	  2577.4	   0.000	   0.000	     0.0	     0.0	       0	   93.74	   80.97	    4.06	    0.00	    0.00	  14.827	  16.222	  37.344	  40.018	   0.000	   0.000	   0.000	   0.000	   0.000	   0.000
      44	 13:42:28	   1.995	  -2.005	    0.00	    0.00	    0.00	  1285.4	   416.2	   732.5	   567.8	   767.8	  -213.1	   0.000	   0.000	     0.0	     0.0	       0	   93.74	   80.25	    3.82	    0.00	    0.00	  14.723	  16.396	  37.125	  40.019	   0.000	   0.000	   0.000	   0.000	   0.000	   0.000
      45	 13:43:20	   1.995	  -9.995	    0.00	    0.00	    0.00	   759.8	  5176.8	  2287.7	  -632.1	   226.4	 -2599.4	   0.000	   0.000	     0.0	     0.0	       0	   93.74	   73.74	    3.89	    0.00	    0.00	  14.618	  16.560	  37.170	  40.019	   0.000	   0.000	   0.000	   0.000	   0.000	   0.000
      46	 13:44:07	   1.995	   0.000	    0.00	    0.00	    0.00	  1250.8	  -823.9	   394.9	   907.0	   753.6	   476.1	   0.000	   0.000	     0.0	     0.0	       0	   93.74	   80.69	    3.85	    0.00	    0.00	  14.580	  16.681	  37.129	  40.019	   0.000	   0.000	   0.000	   0.000	   0.000	   0.000
      47	 13:44:33	   1.995	   2.000	    0.00	    0.00	    0.00	  1240.2	 -1821.6	   165.0	  1151.0	   727.7	  1151.2	   0.000	   0.000	     0.0	     0.0	       0	   93.74	   80.91	    3.91	    0.00	    0.00	  14.574	  16.743	  37.166	  40.019	   0.000	   0.000	   0.000	   0.000	   0.000	   0.000
      48	 13:45:18	   1.995	  -5.995	    0.00	    0.00	    0.00	  1116.3	  2894.4	  1504.6	   -45.3	   543.9	 -1482.3	   0.000	   0.000	     0.0	     0.0	       0	   93.74	   77.91	    3.80	    0.00	    0.00	  14.540	  16.839	  37.057	  40.019	   0.000	   0.000	   0.000	   0.000	   0.000	   0.000
      49	 13:46:16	   1.995	  10.000	    0.00	    0.00	    0.00	   728.3	 -6584.3	 -1057.1	  2737.8	   162.9	  3566.4	   0.000	   0.000	     0.0	     0.0	       0	   93.75	   78.50	    4.31	    0.00	    0.00	  14.539	  16.937	  37.473	  40.018	   0.000	   0.000	   0.000	   0.000	   0.000	   0.000
      50	 13:47:27	   1.995	  -9.995	    0.00	    0.00	    0.00	   454.3	   671.3	   403.7	   -61.4	   205.4	  -300.9	   0.000	   0.000	     0.0	     0.0	       0	   46.87	   37.21	    0.50	    0.00	    0.00	  14.395	  16.796	  39.429	  40.027	   0.000	   0.000	   0.000	   0.000	   0.000	   0.000
      51	 13:48:36	   1.995	  10.000	    0.00	    0.00	    0.00	   402.6	 -1131.0	  -191.6	   547.4	   180.7	   611.4	   0.000	   0.000	     0.0	     0.0	       0	   46.87	   39.36	    0.53	    0.00	    0.00	  14.202	  16.389	  39.673	  40.027	   0.000	   0.000	   0.000	   0.000	   0.000	   0.000
      52	 13:49:30	   1.995	   0.000	    0.00	    0.00	    0.00	   370.4	  -221.6	    84.9	   218.5	   231.4	   131.2	   0.000	   0.000	     0.0	     0.0	       0	   46.87	   40.60	    0.50	    0.00	    0.00	  14.067	  16.102	  39.403	  40.027	   0.000	   0.000	   0.000	   0.000	   0.000	   0.000
      53	 13:50:03	   1.995	  -2.000	    0.00	    0.00	    0.00	   371.7	    81.4	   166.4	   140.6	   230.8	   -38.9	   0.000	   0.000	     0.0	     0.0	       0	   46.87	   40.22	    0.49	    0.00	    0.00	  14.000	  15.963	  39.402	  40.026	   0.000	   0.000	   0.000	   0.000	   0.000	   0.000
      54	 13:50:34	   1.995	  -5.995	    0.00	    0.00	    0.00	   447.8	   195.4	   237.0	    83.8	   237.5	   -73.3	   0.000	   0.000	     0.0	     0.0	       0	   46.87	   39.37	    0.50	    0.00	    0.00	  13.942	  15.830	  39.408	  40.026	   0.000	   0.000	   0.000	   0.000	   0.000	   0.000
      55	 13:51:23	   1.995	   6.000	    0.00	    0.00	    0.00	   306.8	 -1128.0	  -137.4	   480.9	   170.6	   655.1	   0.000	   0.000	     0.0	     0.0	       0	   46.87	   40.53	    0.51	    0.00	    0.00	  13.855	  15.648	  39.582	  40.026	   0.000	   0.000	   0.000	   0.000	   0.000	   0.000
      56	 13:52:06	   1.995	  -3.995	    0.00	    0.00	    0.00	   352.4	   395.3	   252.7	    60.8	   216.7	  -205.9	   0.000	   0.000	     0.0	     0.0	       0	   46.86	   39.84	    0.48	    0.00	    0.00	  13.775	  15.511	  39.420	  40.027	   0.000	   0.000	   0.000	   0.000	   0.000	   0.000
      57	 13:52:40	   1.995	   2.000	    0.00	    0.00	    0.00	   358.1	  -500.1	    21.1	   290.2	   222.2	   312.9	   0.000	   0.000	     0.0	     0.0	       0	   46.87	   40.73	    0.51	    0.00	    0.00	  13.723	  15.415	  39.498	  40.027	   0.000	   0.000	   0.000	   0.000	   0.000	   0.000
      58	 13:53:10	   1.995	   4.005	    0.00	    0.00	    0.00	   337.0	  -816.0	   -59.0	   376.5	   203.8	   492.4	   0.000	   0.000	     0.0	     0.0	       0	   46.87	   40.76	    0.51	    0.00	    0.00	  13.685	  15.335	  39.582	  40.027	   0.000	   0.000	   0.000	   0.000	   0.000	   0.000
      59	 13:54:33	   1.995	  -4.000	    0.00	    0.00	    0.00	  1217.0	  1577.8	  1105.7	   278.9	   655.9	  -804.7	   0.000	   0.000	     0.0	     0.0	       0	   93.74	   79.41	    3.61	    0.00	    0.00	  13.730	  15.599	  39.585	  40.019	   0.000	   0.000	   0.000	   0.000	   0.000	   0.000
      60	 13:55:47	   1.995	  10.000	    0.00	    0.00	    0.00	   417.5	 -6695.3	  -990.9	  2818.2	  -134.1	  3671.7	   0.000	   0.000	     0.0	     0.0	       0	   93.74	   93.79	    4.08	    3.76	    0.00	  13.954	  16.088	  40.017	  35.937	   0.000	   0.000	   0.000	   0.000	   0.000	   0.000
      61	 13:56:58	   1.995	  -9.995	    0.00	    0.00	    0.00	   398.2	  5069.1	  2367.4	  -558.5	  -100.5	 -2471.0	   0.000	   0.000	     0.0	     0.0	       0	   93.74	   93.73	    3.70	    4.25	    0.00	  14.503	  16.489	  39.652	  36.328	   0.000	   0.000	   0.000	   0.000	   0.000	   0.000
      62	 13:57:32	   1.995	  -5.994	    0.00	    0.00	    0.00	   778.2	  2743.8	  1559.7	    37.6	   250.9	 -1341.4	   0.000	   0.000	     0.0	     0.0	       0	   93.72	   93.74	    3.63	    3.99	    0.00	  14.776	  16.616	  39.569	  36.149	   0.000	   0.000	   0.000	   0.000	   0.000	   0.000
      63	 13:58:25	   1.995	  -2.005	    0.00	    0.00	    0.00	   962.1	   274.4	   783.0	   643.7	   489.2	   -78.1	   0.000	   0.000	     0.0	     0.0	       0	   93.74	   93.74	    3.63	    3.88	    0.00	  15.186	  16.767	  39.526	  35.997	   0.000	   0.000	   0.000	   0.000	   0.000	   0.000
      64	 13:59:13	   1.995	   6.005	    0.00	    0.00	    0.00	   735.3	 -4616.4	  -468.0	  2027.6	   236.7	  2683.2	   0.000	   0.000	     0.0	     0.0	       0	   93.75	   93.75	    3.85	    3.73	    0.00	  15.519	  16.887	  39.780	  35.756	   0.000	   0.000	   0.000	   0.000	   0.000	   0.000
      65	 13:59:44	   1.995	   2.000	    0.00	    0.00	    0.00	   941.1	 -1924.8	   222.6	  1223.6	   448.7	  1251.1	   0.000	   0.000	     0.0	     0.0	       0	   93.74	   93.73	    3.71	    3.79	    0.00	  15.676	  16.983	  39.584	  35.657	   0.000	   0.000	   0.000	   0.000	   0.000	   0.000
      66	 14:00:12	   1.995	   0.000	    0.00	    0.00	    0.00	   947.0	  -922.1	   451.9	   974.2	   476.5	   579.6	   0.000	   0.000	     0.0	     0.0	       0	   93.74	   93.76	    3.66	    3.84	    0.00	  15.795	  17.046	  39.549	  35.789	   0.000	   0.000	   0.000	   0.000	   0.000	   0.000
      67	 14:00:58	   1.995	   4.000	    0.00	    0.00	    0.00	   874.1	 -3218.4	  -114.5	  1616.7	   363.7	  1940.8	   0.000	   0.000	     0.0	     0.0	       0	   93.74	   93.74	    3.78	    3.76	    0.00	  15.956	  17.112	  39.651	  35.762	   0.000	   0.000	   0.000	   0.000	   0.000	   0.000
      68	 14:01:39	   1.995	  -4.000	    0.00	    0.00	    0.00	   893.0	  1451.1	  1153.8	   347.9	   377.0	  -682.9	   0.000	   0.000	     0.0	     0.0	       0	   93.73	   93.71	    3.63	    3.94	    0.00	  16.068	  17.186	  39.547	  35.834	   0.000	   0.000	   0.000	   0.000	   0.000	   0.000
      69	 14:02:56	   1.995	   5.995	    0.00	    0.00	    0.00	   349.6	  -642.3	   -32.9	   380.6	   169.0	   384.9	   0.000	   0.000	     0.0	     0.0	       0	   46.89	   46.87	    0.54	    0.44	    0.00	  16.170	  16.994	  35.169	  39.792	   0.000	   0.000	   0.000	   0.000	   0.000	   0.000
      70	 14:03:37	   1.995	  -2.005	    0.00	    0.00	    0.00	   306.3	    60.1	   176.7	   155.7	   174.2	   -16.0	   0.000	   0.000	     0.0	     0.0	       0	   46.88	   46.87	    0.52	    0.45	    0.00	  16.036	  16.726	  35.098	  39.848	   0.000	   0.000	   0.000	   0.000	   0.000	   0.000
      71	 14:04:27	   1.995	  10.000	    0.00	    0.00	    0.00	   336.1	 -1151.5	  -179.7	   564.9	   117.5	   632.3	   0.000	   0.000	     0.0	     0.0	       0	   46.87	   46.86	    0.59	    0.44	    0.00	  15.862	  16.405	  35.411	  39.836	   0.000	   0.000	   0.000	   0.000	   0.000	   0.000
      72	 14:05:32	   1.995	  -9.995	    0.00	    0.00	    0.00	   378.0	   652.8	   419.1	   -45.4	   139.2	  -277.3	   0.000	   0.000	     0.0	     0.0	       0	   46.87	   46.87	    0.57	    0.48	    0.00	  15.619	  16.049	  35.237	  40.158	   0.000	   0.000	   0.000	   0.000	   0.000	   0.000
      73	 14:06:27	   1.995	   3.995	    0.00	    0.00	    0.00	   275.7	  -833.7	   -47.2	   391.9	   148.2	   511.7	   0.000	   0.000	     0.0	     0.0	       0	   46.87	   46.87	    0.56	    0.45	    0.00	  15.463	  15.790	  35.280	  39.736	   0.000	   0.000	   0.000	   0.000	   0.000	   0.000
      74	 14:07:09	   1.995	  -3.990	    0.00	    0.00	    0.00	   284.9	   373.0	   263.3	    76.4	   160.2	  -183.0	   0.000	   0.000	     0.0	     0.0	       0	   46.87	   46.87	    0.54	    0.47	    0.00	  15.352	  15.639	  35.173	  39.984	   0.000	   0.000	   0.000	   0.000	   0.000	   0.000
      75	 14:07:42	   1.995	  -6.000	    0.00	    0.00	    0.00	   379.6	   173.5	   249.3	    99.8	   179.7	   -49.5	   0.000	   0.000	     0.0	     0.0	       0	   46.87	   46.89	    0.54	    0.46	    0.00	  15.277	  15.529	  35.206	  40.059	   0.000	   0.000	   0.000	   0.000	   0.000	   0.000
      76	 14:08:18	   1.995	   0.000	    0.00	    0.00	    0.00	   300.2	  -243.4	    97.2	   232.3	   176.4	   159.1	   0.000	   0.000	     0.0	     0.0	       0	   46.86	   46.87	    0.54	    0.45	    0.00	  15.204	  15.427	  35.188	  39.930	   0.000	   0.000	   0.000	   0.000	   0.000	   0.000
      77	 14:08:49	   1.995	   2.000	    0.00	    0.00	    0.00	   295.7	  -518.0	    32.3	   305.6	   167.4	   333.7	   0.000	   0.000	     0.0	     0.0	       0	   46.87	   46.86	    0.57	    0.44	    0.00	  15.141	  15.332	  35.244	  39.973	   0.000	   0.000	   0.000	   0.000	   0.000	   0.000
